[[950.967844 0.000000 358.023052]
 [0.000000 950.145663 643.970167]
 [0.000000 0.000000 1.000000]]

fx: 0.7607742754937241(mm)
fy: 0.7601165301153926(mm)

w: 720(pixels)
h: 1280(pixels)

fov_x: 0.7237791815548631(rad)
fov_y: 1.1855482773301453(rad)
